1.5363379304877884e-10
3.887272438967988e-10
5.211576978924021e-10
4.891026522006313e-10
5.257978188843596e-10
5.579316768521271e-10
9.713376617626632e-10
8.198211624821267e-10
9.86773815233653e-10
5.481059735691885e-10
9.471500549698963e-10
4.394138920287418e-10
9.933555741798537e-10
9.994978276551173e-10
5.093713185208767e-10
6.607750668049752e-10
5.079359107371048e-10
3.602814404691565e-10
5.379316868318735e-10
3.671878286278579e-10
5.520105378187003e-10
7.496485429989926e-10
3.7215337159707754e-10
4.795511419547334e-10
4.6259217014358377e-10
9.728264566499774e-10
5.522296621821455e-10
7.506069183346025e-10
7.043898714023779e-10
7.452031804754707e-10
1.157108911200514e-9
8.633086743487828e-10
1.112691373690358e-9
1.160431903242608e-9
1.5410679601873456e-9
6.700120908804813e-10
5.443540565025213e-10
1.5296491838588572e-9
1.0251385788636004e-9
1.1689481388556545e-9
1.538174865805443e-9
1.315310732049646e-9
1.4543368015510215e-9
2.5352761992156475e-9
1.5524533175212014e-9
1.6612181192685392e-9
1.259257817311431e-9
1.2549154985347168e-9
2.8895243319730456e-9
1.9796051506608074e-9
2.796239310421258e-9
2.783723100006617e-9
3.878457487725189e-9
3.6325333300324997e-9
2.1632817046277667e-9
4.542703625760146e-9
2.4421378034945925e-9
1.7437694188307566e-9
4.064790689762911e-9
7.58010442550504e-9
5.3561665685267e-9
5.779027988825869e-9
3.1497609714112943e-9
4.893973003564848e-9
4.126268196118199e-9
3.8209191942697334e-9
3.1467946102432735e-9
4.792403372681504e-9
6.83616219985269e-9
6.384567755407085e-9
3.3578640700416642e-9
5.211326893124378e-9
5.759017465617323e-9
1.1177168571238661e-8
6.575610451294565e-9
7.357886579357718e-9
7.482386615265983e-9
7.644001652366607e-9
7.860594133232112e-9
4.7316416806944786e-9
5.958467594800921e-9
6.688082389074952e-9
7.042551658212394e-9
8.052955071500442e-9
1.3001828323522392e-8
5.6499693034338445e-9
1.2687698944424386e-8
1.4474297845545693e-8
6.483882821361387e-9
1.494105724357522e-8
2.1953933338180503e-8
1.0375905571328584e-8
2.9787166930426194e-8
1.5484374430494227e-8
1.8095818022165628e-8
1.7580140886102803e-8
2.991307882697051e-8
7.869711616447842e-8
3.471901717285096e-8
3.691145701277322e-8
4.970709000654174e-8
1.4292115976376142e-8
5.913592580338653e-9
3.6006600282467784e-8
3.591518492263991e-8
2.8214522919237733e-8
7.301683449521304e-8
2.3855560937664676e-8
6.249908276705965e-8
7.273159468575957e-8
4.9176442931871534e-8
1.2831673093736438e-7
9.1204440022504e-8
5.224220634486859e-8
2.1223661780286262e-7
2.3497706911113788e-7
4.5185016863617636e-8
1.1542858306063311e-7
1.0966211356893024e-7
2.8797807090934413e-7
4.3123283196778554e-8
3.2696371011336474e-7
1.471042300609524e-7
3.1785788503002836e-8
3.2610894052749333e-7
3.013113554108906e-7
2.8248161009387453e-7
2.3023211952529445e-7
5.504748551516954e-7
9.821764260695208e-8
6.83070934531072e-7
4.5958337661213574e-7
8.668546811522818e-8
7.061008775982079e-7
8.174837879316706e-7
2.3598122714860704e-7
9.061906700308252e-7
6.498651950216804e-7
6.549144473529868e-7
1.0676484741503314e-6
9.71899787478201e-7
2.933213764539446e-7
2.83933207594905e-7
1.9965903377166286e-7
7.087908087698843e-7
5.530000811588216e-7
1.7141344095789313e-7
6.95187293580843e-7
4.0470248548948237e-7
4.873211527722502e-7
4.213657302079399e-7
1.1976225343266576e-6
5.072137805445051e-7
2.245372656527234e-6
6.865543333911686e-7
6.353881198902254e-7
3.4741398275848933e-6
5.337272957506518e-7
1.2153556491024357e-6
1.2884654088154868e-6
4.783872377706749e-7
9.338060999508224e-7
8.144699432211055e-7
8.661157997338305e-7
1.427998005716586e-6
1.3390181719364023e-6
9.310580723928939e-7
1.5010702770726625e-6
9.052652140397623e-7
1.5233063391965041e-6
2.2461811584797495e-6
1.0021262864023144e-6
1.0210092526709352e-6
4.38454166374999e-6
2.0454740436847356e-6
8.085253174942889e-7
1.059407805523231e-6
1.1238450847232113e-6
2.9313976361040744e-6
6.558763966605948e-7
1.8950700147511418e-6
1.444668042511302e-6
1.7820866954766462e-6
8.789721527381877e-7
1.1085486199948126e-6
1.2126903049386788e-6
8.084992098943396e-7
1.6722116705710743e-6
1.0229111021325378e-6
2.0981732465268336e-6
2.7088040869293303e-6
2.2223421945893272e-6
1.987263376618095e-6
1.0696556322268885e-6
1.1112676209818841e-6
1.6361654005033501e-6
2.5646304634157602e-6
2.0499989351268194e-6
6.209788426901131e-6
1.6302331542623973e-6
8.970832530402731e-6
2.357367544161512e-6
6.955094977145107e-6
4.325438719074894e-6
1.9830764504366434e-6
1.7152709508472775e-6
1.5145284257494047e-6
1.4373141837389559e-6
1.0227963403994074e-6
1.1534942780460838e-5
5.367972345142059e-6
2.7293792582194006e-6
1.5495181490233008e-6
1.5688659467162196e-5
3.3856394696190385e-6
4.036546393526467e-6
2.9172218755881742e-6
2.3120361406725453e-6
5.34035694089614e-6
2.548605116670468e-6
2.1312796487892586e-6
3.0625669271878678e-6
6.228165247806311e-6
5.1348732826711525e-6
4.5363701726226e-6
2.2129824528176605e-6
7.00789633739055e-6
2.4008096211958306e-6
5.323039389623269e-6
2.586073743671175e-6
4.592507933750361e-6
2.750920021785889e-6
4.33364119207623e-6
1.6453076165742174e-6
4.2799339843492155e-6
4.939736019492411e-6
2.744518221097295e-6
5.81934365480619e-6
6.347976838348591e-6
5.456257572446629e-6
5.328118143495314e-6
2.075688073362773e-6
4.586341756759028e-6
4.742962884903529e-6
3.5448728190561294e-6
4.737174627517753e-6
3.3028183432588203e-6
5.386800153056181e-6
2.2993697466698256e-5
9.035628648461365e-6
4.615460180348737e-6
4.04465351536623e-6
2.4236495516005013e-6
6.864695002108411e-6
2.041635445377639e-6
3.543014508685376e-6
3.6224802811304714e-6
6.640887699414431e-6
3.1689236862537694e-6
4.18937496892431e-6
3.4776199337229644e-6
9.297261260316865e-6
5.12763773963718e-6
5.376853821002003e-6
2.8358544605896914e-6
4.541378941720279e-6
6.62398455293948e-6
2.824627937562014e-6
5.554921633609836e-6
7.27526183476534e-6
2.7735140231352436e-6
3.710121262119577e-6
1.6453299203109406e-6
3.190478179495677e-6
6.964300864948325e-6
3.6103829030432623e-6
1.3192432479171761e-5
2.3896708908347876e-6
3.343881003661949e-6
8.47037479931063e-6
1.338904362658402e-6
3.4991738627430734e-5
5.463361543046433e-6
5.173801705399286e-6
2.4870011071088064e-6
3.129257117710329e-6
4.051498873163808e-6
4.7085124968891274e-6
3.4921966005413563e-6
2.898982054490787e-6
9.604835383763058e-6
5.629276866997478e-6
1.903664497623495e-6
7.575043652568023e-6
4.659174656356855e-6
1.3490241001638667e-5
1.0509305211264623e-5
7.100674847615271e-6
7.920381709627196e-6
3.385364890609945e-6
2.6972324023466284e-5
1.2197648867064553e-5
1.1249937274436822e-5
5.329796117797951e-6
3.1753387990884533e-6
6.796265951772959e-6
3.241717853081744e-6
8.6818930361191e-6
7.638236971395454e-6
3.8027989882162293e-6
5.393295913639792e-6
5.2515023454738725e-6
4.537076492890617e-6
3.1415582169830365e-5
5.564828760305279e-6
6.006353360502287e-6
9.834399331873867e-6
1.4890432615548692e-5
1.1827812200277056e-5
6.494877334061265e-6
8.874676811713414e-6
8.642387585780409e-6
7.1760199172135376e-6
1.3570806039840903e-5
8.206118921413445e-6
8.685522278993093e-6
1.411956210714448e-5
2.2579120635076854e-5
2.0816636976176542e-5
1.0667014265352074e-5
1.131117363592208e-5
1.279549367917221e-5
1.4728658785018059e-5
8.98850521907136e-6
1.4850952313123821e-5
1.540350938689106e-5
1.8574439833084283e-5
1.764198234212426e-5
9.702892535113301e-6
1.0731966524655282e-5
1.1272515905709917e-5
1.4028431785191984e-5
3.150074543846567e-5
7.029937639158668e-6
3.0167996806946322e-5
1.5949084367918636e-5
1.2848674958304501e-5
2.8257997271173036e-6
3.278134678377801e-6
2.1534330866602587e-5
3.172239198662692e-5
1.2938873677182418e-5
3.9850801619458834e-5
6.797127326186076e-6
2.07859803641929e-6
3.680800630326945e-5
1.3116842045926576e-5
6.245224851724112e-6
9.707446566186341e-6
1.94228697332754e-6
4.046488392377289e-5
3.872309221944079e-6
1.1038113854173836e-5
5.003700366352237e-6
3.41188431230532e-6
6.0312948866903315e-6
1.969454295931664e-5
2.2837224492769065e-5
3.2448854140232145e-6
5.734933667538168e-6
1.3957190416710505e-5
6.0361705414810585e-6
2.588965846484969e-6
9.156150820031257e-6
1.4688396926281889e-6
1.3780030363538601e-5
1.404258429943256e-6
8.077956812413412e-6
2.531117666689025e-6
8.910054021034781e-6
1.970299530225352e-6
1.5118364953387965e-5
9.371355457532348e-6
1.941456223185813e-6
1.914925071329772e-6
1.461949174221431e-5
2.6536214396582596e-6
8.936771336780025e-6
3.526327452159269e-6
3.5471306800778057e-6
3.1103693284908315e-6
5.401254783472687e-6
3.1920992991032046e-6
3.1866304751771152e-6
3.917540021575312e-6
4.3067359879460265e-6
5.353142004209907e-6
4.316238278628676e-6
7.31588636415572e-6
5.935142095398844e-6
6.6418716215768245e-6
5.121824196375705e-6
6.3945039448470646e-6
5.829528396353753e-6
7.190688138546341e-6
8.016525638772576e-6
1.6559919247380444e-5
8.416516760933475e-6
9.17385867472021e-6
8.791520832708506e-6
1.1611036853877749e-5
7.897410334488724e-6
9.930429905087296e-6
9.776078428822524e-6
1.1423846508806482e-5
9.72799556198995e-6
1.2696224279408002e-5
1.4812191824705886e-5
1.562240711174158e-5
1.9121098169381382e-5
1.6522111345913286e-5
1.959821344014677e-5
2.0927098471540063e-5
1.7605667866071188e-5
2.0976361814951003e-5
1.797053395149439e-5
1.9342475248312877e-5
3.2892432352606146e-5
2.0521476622224648e-5
1.0241723624204834e-5
3.187405624149896e-5
3.684695358774343e-5
2.8730773042405694e-5
3.227710328149177e-5
2.8047423129560813e-5
3.238691082195231e-5
3.59139129564376e-5
5.4373326904775726e-5
3.220117177418667e-5
3.281787109617831e-5
3.2832342810144726e-5
4.317276866384712e-5
4.389966282679918e-5
8.030475409328682e-5
3.2949508470438117e-5
6.065394989132462e-5
4.7512568493202574e-5
3.161178665411535e-5
8.003355134898529e-5
0.00011001920651804959
4.6738632806614094e-5
5.493914031167456e-5
4.002402992705497e-5
3.464356331846087e-5
8.060215882135574e-5
5.408116295244594e-5
4.885751244135253e-5
8.245703402533455e-5
0.00011279063886682901
0.00013248888903031805
0.0001206933587701299
4.7691844825182706e-5
7.055410774750405e-5
0.0001353140231088955
7.323170251951692e-5
0.00018036914763914607
0.00017067594690908062
0.00011726437933759972
5.84943939104554e-5
9.191338113373621e-5
0.00011612932105423021
5.111402141342795e-5
5.6702742779967226e-5
4.229916861168552e-5
0.00020465284575092973
6.274814609224525e-5
0.00010187744349215991
6.825072116561509e-5
3.3324895850006104e-5
7.904720535455812e-5
0.00016726836744095243
0.00012098136611525756
9.419700977701792e-5
0.00018649681029006136
0.0003007768499828504
6.0555309273830794e-5
9.865948291236926e-5
0.00019923126993967702
8.534148521952238e-5
0.00013073059197940215
0.000123439560236204
0.00021767137129646255
6.73481735634516e-5
0.0001482276578237522
0.00010776220616871905
0.00029992970430790973
9.921449389034932e-5
0.00017420030895395894
0.00023700206495527753
0.00028141426035406406
0.00025407723665156126
0.00010550966506479903
4.620682005711717e-5
0.00012029886461201902
0.00011552516002647711
0.00011865309110969229
0.0002485739047867553
0.0003344908845866715
0.00036587020852416865
8.642661498904931e-5
0.00033334507740703106
0.0004617991909773969
0.0005558339093769719
0.0004052561287386153
0.0008156897438767785
0.0003114780637607504
0.0006025709693604073
0.0007126149604337938
0.0007515955719889659
0.0001786361238624996
0.0005678372908211823
0.0006600011779918293
0.0005844184524709045
0.0005437104111439577
0.0011986224418439437
0.0011300143897850677
0.002261289482580545
0.0005924705324317303
0.000482364611810076
0.0008447348856197091
0.0010475161018903996
0.0013417788622438636
0.0020352393668675106
0.0023893974146004847
0.004198987126059832
0.0012521834474366984
0.002307226967788201
0.003420468464442632
0.0021746431248413026
0.0024390026337164986
0.0018847077656725425
0.00381353394981068
0.002977622463979539
0.0027640990279078213
0.0008700577643071386
0.0035082618034419795
0.004256130607354018
0.0016503408470853556
0.007275927190540685
0.00897315808833768
0.008051871034914846
0.0037284216436024187
0.009888043545594506
0.0028624966728506298
0.0024541702067102196
0.003956286785547698
0.00702346312568611
0.0035295332550317675
0.005245659821327176
0.0034703479422783234
0.004610340774882055
0.011190316357204222
0.007347892574330052
0.006278698714667865
0.004032437798189599
0.005027833681525185
0.005661131100950951
0.003828449944665333
0.010734255594431107
0.006221753023752842
0.004427219779230501
0.009752360550630832
0.008760469370070717
0.00940137861805491
0.0049687654211018305
0.00589111917938572
0.012404573772437468
0.004662989055408813
0.016456898503670065
0.01661627342234722
0.007110745222520361
0.015053444745277663
0.008859844844987256
0.022836333787075145
0.021475740747751902
0.018436339050636442
0.01838982346275399
0.01059808273573078
0.011349070512449808
0.023971726402602915
0.008863858443342755
0.01031817414306394
0.010927362497076917
0.013937510339447134
0.027990200538959658
0.03000068000220791
0.010060087131939914
0.03227078808004054
0.018826949655380815
0.03157338080647097
0.016877557139037956
0.03930946320148464
0.04363686964657984
0.017779484551994296
0.024955078612092965
0.021070731928640275
0.03009911894479981
0.01123518398522486
0.04006924368115118
0.02673750392464949
0.0332284304194877
0.01640210571167716
0.028323837565455572
0.05783905379403188
0.021495326855145786
0.026279064922039314
0.02989159261788569
0.05454873541616231
0.09805528625500705
0.009464586869539134
0.07748697938866958
0.029253157319633905
0.03164481453349857
0.06056544421836341
0.024970854666380916
0.1690010005856265
0.027691823694329168
0.044059826552035386
0.04891345801509815
0.07971334854189852
0.025128321398941774
0.04545077142527598
0.05489670054704662
0.17807253575554224
0.033679881254362345
0.10859015812043918
0.09937730107216694
0.10538224952736397
0.05845365401487482
0.12270942434018414
0.3414990307541764
0.09544881256962165
0.08134292618332639
0.07152978946332939
0.09039417168032146
0.13560411430911795
0.2243903454934981
0.14306731011555246
0.13891640498510383
0.14786113690041916
0.12703105089335753
0.18305636360256877
0.29851478152127076
0.22070682616261106
0.1983206986608931
0.3346700902848566
0.16723389225996987
0.31864319710201605
0.17275231690454906
0.3839991859433106
0.30355001412177807
0.5289627446733147
0.41026980886776376
0.15444058789494347
0.36151288363330236
0.6138618246544731
0.6150706925842953
0.254887600063835
0.5739736964443636
0.4951599562526644
0.490018564901308
0.4503348385203064
0.5343731893169822
0.5952994554308163
0.3784220138560991
0.5734384852772494
0.5496240600193146
0.8781679536944362
0.571172294073722
0.46132257750280714
0.5264782752392239
0.5284518081691365
0.6719595320196108
0.9118006727743615
0.8301079201542885
0.6400289066095972
0.3329674608109139
0.496807646772506
0.8888854724198851
0.8547967239742011
0.4847290210499872
0.5468796537712102
0.9591490938967586
0.8549726106490919
0.9959355159995653
0.8813950359454378
0.7385923733993973
0.7957328228755
0.9510676650748484
0.5870551568787121
0.8224336205257234
0.8993941580197107
0.7170354705027764
0.9452749830147884
0.6744119622665956
0.7603507810353329
0.7737703243205469
0.7336977393892401
0.7997920151322364
0.5443964289598713
0.9018327887397058
0.9143943232134988
0.975095153697637
0.7581080371740324
0.4864643469468135
0.9349916490042274
0.9074825062847671
0.9105560488532632
0.9081885648403165
0.6547401829117756
0.8928346155728013
0.959360867979748
0.9156840370246846
0.9398572036957336
0.7192323937501066
0.9090789355749025
0.8394236002907682
0.9520702243136943
0.8752029672994921
0.8324822463715006
0.8465304452191855
1.1484406554948814
0.8986174120584103
0.7874665935539555
0.9203655553642963
1.024101566254374
0.9481767169407103
1.0400001944980841
0.8673370203032348
0.9069583625400292
0.9690301510557926
0.94774462305171
1.0040729397092003
0.875814761146545
0.9016507575491498
0.8955875641055471
1.0857776197538886
0.8904168040462116
1.0315697914862993
0.9508101628959895
1.061020793581868
1.0474406241581928
0.9249196806609363
0.9742362514964819
1.004535976704602
0.934650304996018
0.9748035772438848
0.9724010500396869
NaN
0.9716372253119571
0.9434469825451339
0.9588140960738296
0.8873292986929987
1.1636020511594145
0.9576954284406327
0.9374725759815614
0.9742308614595949
1.0826006503524734
0.9519685484284351
0.987043615051812
0.8621437796155024
0.9207877195381508
0.9838019920980121
0.9426822827410617
NaN
1.0411236690563817
1.0372098611982903
0.9784163416584046
0.9315946937060671
0.9779424804660789
0.9135088550147914
0.9757011570762987
1.0207227943165003
0.9625251465116628
0.9554779622298519
NaN
0.9615689773747509
1.010950432273116
0.99018359416152
0.9528279251618847
0.9676369788883865
1.0572765433311275
0.9541496781506938
NaN
0.9263809124381779
1.0117417760823764
0.979940314253809
0.9734844069995026
NaN
NaN
0.9676444483333635
0.9359490912255696
NaN
NaN
NaN
NaN
0.9793116258731247
0.885012538278363
NaN
NaN
1.0461432133160549
0.9600650361824027
NaN
1.0014692263993459
NaN
0.9612597913954442
0.9667848631876654
NaN
0.9501588105315755
NaN
NaN
NaN
0.9700762578790079
0.986489090830124
NaN
0.975478309816709
NaN
NaN
NaN
NaN
NaN
NaN
NaN
0.9844690982129864
NaN
NaN
0.9831912627953812
NaN
NaN
0.9713439680198479
NaN
NaN
NaN
NaN
NaN
NaN
NaN
NaN
NaN
NaN
NaN
NaN
NaN
NaN
NaN
NaN
NaN
NaN
NaN
NaN
NaN
NaN
NaN
NaN
NaN
NaN
NaN
NaN
NaN
NaN
NaN
NaN
NaN
NaN
NaN
NaN
NaN
NaN
NaN
NaN
NaN
NaN
NaN
NaN
NaN
NaN
NaN
NaN
NaN
NaN
NaN
NaN
NaN
NaN
NaN
NaN
NaN
NaN
NaN
NaN
NaN
NaN
NaN
NaN
NaN
NaN
NaN
NaN
NaN
NaN
NaN
NaN
NaN
NaN
NaN
NaN
NaN
NaN
NaN
NaN
NaN
NaN
NaN
NaN
NaN
NaN
NaN
NaN
NaN
NaN
NaN
NaN
NaN
NaN
NaN
NaN
NaN
NaN
NaN
NaN
NaN
NaN
NaN
NaN
NaN
NaN
NaN
NaN
NaN
NaN
NaN
NaN
NaN
NaN
NaN
NaN
NaN
NaN
NaN
NaN
NaN
NaN
NaN
NaN
NaN
NaN
NaN
NaN
NaN
NaN
NaN
NaN
NaN
NaN
NaN
NaN
NaN
NaN
NaN
NaN
NaN
NaN
NaN
NaN
NaN
NaN
NaN
NaN
NaN
NaN
NaN
NaN
NaN
NaN
NaN
NaN
NaN
NaN
NaN
NaN
