-0.0
-0.1616822429906542
-0.33846153846153854
-0.5316831683168317
-0.7428571428571429
-0.9736842105263157
-1.2260869565217392
-1.5022471910112356
-1.804651162790698
-2.136144578313253
-2.5
-2.900000000000001
-3.3405405405405397
-3.826760563380282
-4.364705882352941
-4.961538461538462
-5.625806451612904
-6.367796610169491
-7.200000000000001
-8.137735849056604
-9.2
-10.410638297872344
-11.800000000000004
-13.407317073170729
-15.284210526315789
-17.5
-20.150000000000002
-23.368965517241392
-27.353846153846153
-32.404347826086955
-39.00000000000001
-47.95882352941178
-60.80000000000005
-80.69999999999999
-115.60000000000002
-192.50000000000014
-500.4000000000018
1039.69999999999
269.8
159.89999999999995
115.99999999999994
92.40769230769234
77.69999999999996
67.66842105263157
60.39999999999996
54.89999999999999
50.6
47.1516129032258
44.32941176470589
41.981081081081065
39.99999999999999
38.30930232558139
36.85217391304347
35.58571428571429
34.47692307692307
33.49999999999999
32.63448275862069
31.863934426229505
31.174999999999997
30.556716417910444
29.999999999999996
29.4972602739726
29.042105263157893
28.629113924050632
28.253658536585363
27.91176470588235
27.6
27.315384615384616
27.05531914893617
26.81752577319587
26.59999999999999
26.400970873786402
26.218867924528304
26.052293577981654
25.899999999999995
25.760869565217387
25.63389830508474
25.518181818181823
25.412903225806453
25.317322834645665
25.230769230769226
25.152631578947364
25.082352941176467
25.01942446043165
24.963380281690135
24.91379310344827
24.870270270270264
24.832450331125823
24.799999999999994
24.77261146496815
24.749999999999996
24.731901840490796
24.718072289156623
24.708284023668632
24.702325581395346
24.699999999999996
24.701123595505614
24.705524861878448
24.713043478260868
24.723529411764705
24.736842105263154
24.75284974093264
24.77142857142857
24.792462311557784
24.815841584158413
24.84146341463414
24.869230769230764
24.89905213270142
24.930841121495327
24.96451612903226
24.999999999999996
25.0372197309417
25.076106194690265
25.11659388646288
25.15862068965517
25.20212765957446
25.24705882352941
25.293360995850623
25.34098360655738
25.38987854251012
25.439999999999994
25.491304347826084
25.54375
25.5972972972973
25.651908396946563
25.707547169811317
25.76417910447761
25.821771217712175
25.88029197080292
25.939711191335736
25.999999999999993
26.061130742049468
26.123076923076923
26.185813148788927
26.24931506849315
26.313559322033896
26.37852348993288
26.44418604651163
26.510526315789473
26.577524429967426
26.645161290322584
26.713418530351436
26.78227848101266
26.851724137931036
26.92173913043478
26.992307692307694
27.06341463414634
27.13504531722054
27.207185628742515
27.27982195845697
27.352941176470587
27.426530612244896
27.500578034682082
27.575071633237823
27.65
27.72535211267606
27.801117318435754
27.877285318559554
27.953846153846158
28.030790190735694
28.10810810810811
28.185790884718497
28.263829787234044
28.342216358839053
28.420942408376963
28.5
28.57938144329897
28.65907928388747
28.739086294416246
28.81939546599496
28.900000000000002
28.980893300248137
29.06206896551724
29.143520782396088
29.2252427184466
29.30722891566265
29.389473684210525
29.471971496437053
29.554716981132074
29.637704918032785
29.72093023255814
29.804387990762127
29.888073394495414
29.971981776765375
30.056108597285068
30.14044943820225
30.225
30.309756097560978
30.394713656387673
30.479868708971555
30.56521739130435
30.650755939524842
30.736480686695284
30.8223880597015
30.90847457627119
30.994736842105265
31.081171548117158
31.16777546777547
31.25454545454546
31.341478439425053
31.428571428571434
